task 4:
a)
Server:10000                            10001                           10002                           10003
    0 :[[52, 43, 51, 44], '2.0']        [[52, 43, 51, 44], '2.0']       [[52, 43, 51, 44], '2.0']       [[52, 43, 51, 44], '2.0']
    1 :[[53, 46, 42, 51], '3.0']        [[53, 46, 42, 51], '3.0']       [[53, 46, 42, 51], '3.0']       [[53, 46, 42, 51], '3.0']
    2 :[[55, 40, 40, 40], '0.0']        [[55, 40, 40, 40], '0.0']       [[55, 40, 40, 40], '0.0']       [[55, 40, 40, 40], '0.0']
    3 :[[56, 53, 41, 41], '1.0']        [[56, 53, 41, 41], '1.0']       [[56, 53, 41, 41], '1.0']       [[56, 53, 41, 41], '1.0']
    4 :[[57, 55, 60, 44], '2.1']        [[57, 55, 60, 44], '2.1']       [[57, 55, 60, 44], '2.1']       [[57, 55, 60, 44], '2.1']
    5 :[[57, 62, 57, 53], '1.1']        [[57, 62, 57, 53], '1.1']       [[57, 62, 57, 53], '1.1']       [[57, 62, 57, 53], '1.1']
    6 :[[64, 56, 58, 62], '3.1']        [[64, 56, 58, 62], '3.1']       [[64, 56, 58, 62], '3.1']       [[64, 56, 58, 62], '3.1']
    7 :[[70, 63, 61, 53], '0.1']        [[70, 63, 61, 53], '0.1']       [[70, 63, 61, 53], '0.1']       [[70, 63, 61, 53], '0.1']
    8 :[[71, 73, 66, 66], '1.2']        [[71, 73, 66, 66], '1.2']       [[71, 73, 66, 66], '1.2']       [[71, 73, 66, 66], '1.2']
    9 :[[74, 64, 71, 63], '2.2']        [[74, 64, 71, 63], '2.2']       [[74, 64, 71, 63], '2.2']       [[74, 64, 71, 63], '2.2']
   10 :[[75, 65, 67, 73], '3.2']        [[75, 65, 67, 73], '3.2']       [[75, 65, 67, 73], '3.2']       [[75, 65, 67, 73], '3.2']
   11 :[[81, 74, 72, 66], '0.2']        [[81, 74, 72, 66], '0.2']       [[81, 74, 72, 66], '0.2']       [[81, 74, 72, 66], '0.2']
   12 :[[82, 84, 77, 77], '1.3']        [[82, 84, 77, 77], '1.3']       [[82, 84, 77, 77], '1.3']       [[82, 84, 77, 77], '1.3']
   13 :[[85, 86, 86, 80], '2.3']        [[85, 86, 86, 80], '2.3']       [[85, 86, 86, 80], '2.3']       [[85, 86, 86, 80], '2.3']
   14 :[[88, 87, 78, 86], '3.3']        [[88, 87, 78, 86], '3.3']       [[88, 87, 78, 86], '3.3']       [[88, 87, 78, 86], '3.3']
   15 :[[92, 86, 87, 80], '0.3']        [[92, 86, 87, 80], '0.3']       [[92, 86, 87, 80], '0.3']       [[92, 86, 87, 80], '0.3']
Time for uploading: 45.799970626831055 ms

b) 6103 ms = 6,103s